gene	cosmic	year	pubmed
BRAF	53957	2020	3
BRAF	53957	2019	19811
BRAF	53957	2018	30180
BRAF	53957	2017	29996
BRAF	53957	2016	28025
BRAF	53957	2015	25647
BRAF	53957	2014	22421
BRAF	53957	2013	17845
BRAF	53957	2012	16673
BRAF	53957	2011	15115
BRAF	53957	2010	13497
BRAF	53957	2009	12099
BRAF	53957	2008	10919
BRAF	53957	2007	9990
BRAF	53957	2006	8913
BRAF	53957	2005	8197
BRAF	53957	2004	6432
BRAF	53957	2003	4690
BRAF	53957	2002	3288
BRAF	53957	2001	2237
BRAF	53957	2000	1505
BRAF	53957	1999	834
BRAF	53957	1998	682
BRAF	53957	1997	346
BRAF	53957	1996	304
BRAF	53957	1995	197
BRAF	53957	1994	166
BRAF	53957	1993	181
BRAF	53957	1992	163
BRAF	53957	1991	196
BRAF	53957	1990	125
BRAF	53957	1989	60
BRAF	53957	1988	11
BRAF	53957	1987	10
BRAF	53957	1986	3
BRAF	53957	1984	1
BRAF	53957	1965	1
BRAF	53957	1964	3
BRAF	53957	1963	2
BRAF	53957	1962	1
BRAF	53957	1961	1
BRAF	53957	1960	1
BRAF	53957	1959	1
BRAF	53957	1958	2
JAK2	50768	2020	3
JAK2	50768	2019	19811
JAK2	50768	2018	30180
JAK2	50768	2017	29996
JAK2	50768	2016	28025
JAK2	50768	2015	25647
JAK2	50768	2014	22421
JAK2	50768	2013	17845
JAK2	50768	2012	16673
JAK2	50768	2011	15115
JAK2	50768	2010	13497
JAK2	50768	2009	12099
JAK2	50768	2008	10919
JAK2	50768	2007	9990
JAK2	50768	2006	8913
JAK2	50768	2005	8197
JAK2	50768	2004	6432
JAK2	50768	2003	4690
JAK2	50768	2002	3288
JAK2	50768	2001	2237
JAK2	50768	2000	1505
JAK2	50768	1999	834
JAK2	50768	1998	682
JAK2	50768	1997	346
JAK2	50768	1996	304
JAK2	50768	1995	197
JAK2	50768	1994	166
JAK2	50768	1993	181
JAK2	50768	1992	163
JAK2	50768	1991	196
JAK2	50768	1990	125
JAK2	50768	1989	60
JAK2	50768	1988	11
JAK2	50768	1987	10
JAK2	50768	1986	3
JAK2	50768	1984	1
JAK2	50768	1965	1
JAK2	50768	1964	3
JAK2	50768	1963	2
JAK2	50768	1962	1
JAK2	50768	1961	1
JAK2	50768	1960	1
JAK2	50768	1959	1
JAK2	50768	1958	2
KRAS	45698	2020	3
KRAS	45698	2019	19811
KRAS	45698	2018	30180
KRAS	45698	2017	29996
KRAS	45698	2016	28025
KRAS	45698	2015	25647
KRAS	45698	2014	22421
KRAS	45698	2013	17845
KRAS	45698	2012	16673
KRAS	45698	2011	15115
KRAS	45698	2010	13497
KRAS	45698	2009	12099
KRAS	45698	2008	10919
KRAS	45698	2007	9990
KRAS	45698	2006	8913
KRAS	45698	2005	8197
KRAS	45698	2004	6432
KRAS	45698	2003	4690
KRAS	45698	2002	3288
KRAS	45698	2001	2237
KRAS	45698	2000	1505
KRAS	45698	1999	834
KRAS	45698	1998	682
KRAS	45698	1997	346
KRAS	45698	1996	304
KRAS	45698	1995	197
KRAS	45698	1994	166
KRAS	45698	1993	181
KRAS	45698	1992	163
KRAS	45698	1991	196
KRAS	45698	1990	125
KRAS	45698	1989	60
KRAS	45698	1988	11
KRAS	45698	1987	10
KRAS	45698	1986	3
KRAS	45698	1984	1
KRAS	45698	1965	1
KRAS	45698	1964	3
KRAS	45698	1963	2
KRAS	45698	1962	1
KRAS	45698	1961	1
KRAS	45698	1960	1
KRAS	45698	1959	1
KRAS	45698	1958	2
TP53	43506	2020	3
TP53	43506	2019	19811
TP53	43506	2018	30180
TP53	43506	2017	29996
TP53	43506	2016	28025
TP53	43506	2015	25647
TP53	43506	2014	22421
TP53	43506	2013	17845
TP53	43506	2012	16673
TP53	43506	2011	15115
TP53	43506	2010	13497
TP53	43506	2009	12099
TP53	43506	2008	10919
TP53	43506	2007	9990
TP53	43506	2006	8913
TP53	43506	2005	8197
TP53	43506	2004	6432
TP53	43506	2003	4690
TP53	43506	2002	3288
TP53	43506	2001	2237
TP53	43506	2000	1505
TP53	43506	1999	834
TP53	43506	1998	682
TP53	43506	1997	346
TP53	43506	1996	304
TP53	43506	1995	197
TP53	43506	1994	166
TP53	43506	1993	181
TP53	43506	1992	163
TP53	43506	1991	196
TP53	43506	1990	125
TP53	43506	1989	60
TP53	43506	1988	11
TP53	43506	1987	10
TP53	43506	1986	3
TP53	43506	1984	1
TP53	43506	1965	1
TP53	43506	1964	3
TP53	43506	1963	2
TP53	43506	1962	1
TP53	43506	1961	1
TP53	43506	1960	1
TP53	43506	1959	1
TP53	43506	1958	2
EGFR	30137	2020	3
EGFR	30137	2019	19811
EGFR	30137	2018	30180
EGFR	30137	2017	29996
EGFR	30137	2016	28025
EGFR	30137	2015	25647
EGFR	30137	2014	22421
EGFR	30137	2013	17845
EGFR	30137	2012	16673
EGFR	30137	2011	15115
EGFR	30137	2010	13497
EGFR	30137	2009	12099
EGFR	30137	2008	10919
EGFR	30137	2007	9990
EGFR	30137	2006	8913
EGFR	30137	2005	8197
EGFR	30137	2004	6432
EGFR	30137	2003	4690
EGFR	30137	2002	3288
EGFR	30137	2001	2237
EGFR	30137	2000	1505
EGFR	30137	1999	834
EGFR	30137	1998	682
EGFR	30137	1997	346
EGFR	30137	1996	304
EGFR	30137	1995	197
EGFR	30137	1994	166
EGFR	30137	1993	181
EGFR	30137	1992	163
EGFR	30137	1991	196
EGFR	30137	1990	125
EGFR	30137	1989	60
EGFR	30137	1988	11
EGFR	30137	1987	10
EGFR	30137	1986	3
EGFR	30137	1984	1
EGFR	30137	1965	1
EGFR	30137	1964	3
EGFR	30137	1963	2
EGFR	30137	1962	1
EGFR	30137	1961	1
EGFR	30137	1960	1
EGFR	30137	1959	1
EGFR	30137	1958	2
FLT3	18134	2020	3
FLT3	18134	2019	19811
FLT3	18134	2018	30180
FLT3	18134	2017	29996
FLT3	18134	2016	28025
FLT3	18134	2015	25647
FLT3	18134	2014	22421
FLT3	18134	2013	17845
FLT3	18134	2012	16673
FLT3	18134	2011	15115
FLT3	18134	2010	13497
FLT3	18134	2009	12099
FLT3	18134	2008	10919
FLT3	18134	2007	9990
FLT3	18134	2006	8913
FLT3	18134	2005	8197
FLT3	18134	2004	6432
FLT3	18134	2003	4690
FLT3	18134	2002	3288
FLT3	18134	2001	2237
FLT3	18134	2000	1505
FLT3	18134	1999	834
FLT3	18134	1998	682
FLT3	18134	1997	346
FLT3	18134	1996	304
FLT3	18134	1995	197
FLT3	18134	1994	166
FLT3	18134	1993	181
FLT3	18134	1992	163
FLT3	18134	1991	196
FLT3	18134	1990	125
FLT3	18134	1989	60
FLT3	18134	1988	11
FLT3	18134	1987	10
FLT3	18134	1986	3
FLT3	18134	1984	1
FLT3	18134	1965	1
FLT3	18134	1964	3
FLT3	18134	1963	2
FLT3	18134	1962	1
FLT3	18134	1961	1
FLT3	18134	1960	1
FLT3	18134	1959	1
FLT3	18134	1958	2
PIK3CA	15085	2020	3
PIK3CA	15085	2019	19811
PIK3CA	15085	2018	30180
PIK3CA	15085	2017	29996
PIK3CA	15085	2016	28025
PIK3CA	15085	2015	25647
PIK3CA	15085	2014	22421
PIK3CA	15085	2013	17845
PIK3CA	15085	2012	16673
PIK3CA	15085	2011	15115
PIK3CA	15085	2010	13497
PIK3CA	15085	2009	12099
PIK3CA	15085	2008	10919
PIK3CA	15085	2007	9990
PIK3CA	15085	2006	8913
PIK3CA	15085	2005	8197
PIK3CA	15085	2004	6432
PIK3CA	15085	2003	4690
PIK3CA	15085	2002	3288
PIK3CA	15085	2001	2237
PIK3CA	15085	2000	1505
PIK3CA	15085	1999	834
PIK3CA	15085	1998	682
PIK3CA	15085	1997	346
PIK3CA	15085	1996	304
PIK3CA	15085	1995	197
PIK3CA	15085	1994	166
PIK3CA	15085	1993	181
PIK3CA	15085	1992	163
PIK3CA	15085	1991	196
PIK3CA	15085	1990	125
PIK3CA	15085	1989	60
PIK3CA	15085	1988	11
PIK3CA	15085	1987	10
PIK3CA	15085	1986	3
PIK3CA	15085	1984	1
PIK3CA	15085	1965	1
PIK3CA	15085	1964	3
PIK3CA	15085	1963	2
PIK3CA	15085	1962	1
PIK3CA	15085	1961	1
PIK3CA	15085	1960	1
PIK3CA	15085	1959	1
PIK3CA	15085	1958	2
TERT	11733	2020	3
TERT	11733	2019	19811
TERT	11733	2018	30180
TERT	11733	2017	29996
TERT	11733	2016	28025
TERT	11733	2015	25647
TERT	11733	2014	22421
TERT	11733	2013	17845
TERT	11733	2012	16673
TERT	11733	2011	15115
TERT	11733	2010	13497
TERT	11733	2009	12099
TERT	11733	2008	10919
TERT	11733	2007	9990
TERT	11733	2006	8913
TERT	11733	2005	8197
TERT	11733	2004	6432
TERT	11733	2003	4690
TERT	11733	2002	3288
TERT	11733	2001	2237
TERT	11733	2000	1505
TERT	11733	1999	834
TERT	11733	1998	682
TERT	11733	1997	346
TERT	11733	1996	304
TERT	11733	1995	197
TERT	11733	1994	166
TERT	11733	1993	181
TERT	11733	1992	163
TERT	11733	1991	196
TERT	11733	1990	125
TERT	11733	1989	60
TERT	11733	1988	11
TERT	11733	1987	10
TERT	11733	1986	3
TERT	11733	1984	1
TERT	11733	1965	1
TERT	11733	1964	3
TERT	11733	1963	2
TERT	11733	1962	1
TERT	11733	1961	1
TERT	11733	1960	1
TERT	11733	1959	1
TERT	11733	1958	2
IDH1	10422	2020	3
IDH1	10422	2019	19811
IDH1	10422	2018	30180
IDH1	10422	2017	29996
IDH1	10422	2016	28025
IDH1	10422	2015	25647
IDH1	10422	2014	22421
IDH1	10422	2013	17845
IDH1	10422	2012	16673
IDH1	10422	2011	15115
IDH1	10422	2010	13497
IDH1	10422	2009	12099
IDH1	10422	2008	10919
IDH1	10422	2007	9990
IDH1	10422	2006	8913
IDH1	10422	2005	8197
IDH1	10422	2004	6432
IDH1	10422	2003	4690
IDH1	10422	2002	3288
IDH1	10422	2001	2237
IDH1	10422	2000	1505
IDH1	10422	1999	834
IDH1	10422	1998	682
IDH1	10422	1997	346
IDH1	10422	1996	304
IDH1	10422	1995	197
IDH1	10422	1994	166
IDH1	10422	1993	181
IDH1	10422	1992	163
IDH1	10422	1991	196
IDH1	10422	1990	125
IDH1	10422	1989	60
IDH1	10422	1988	11
IDH1	10422	1987	10
IDH1	10422	1986	3
IDH1	10422	1984	1
IDH1	10422	1965	1
IDH1	10422	1964	3
IDH1	10422	1963	2
IDH1	10422	1962	1
IDH1	10422	1961	1
IDH1	10422	1960	1
IDH1	10422	1959	1
IDH1	10422	1958	2
APC	9977	2020	3
APC	9977	2019	19811
APC	9977	2018	30180
APC	9977	2017	29996
APC	9977	2016	28025
APC	9977	2015	25647
APC	9977	2014	22421
APC	9977	2013	17845
APC	9977	2012	16673
APC	9977	2011	15115
APC	9977	2010	13497
APC	9977	2009	12099
APC	9977	2008	10919
APC	9977	2007	9990
APC	9977	2006	8913
APC	9977	2005	8197
APC	9977	2004	6432
APC	9977	2003	4690
APC	9977	2002	3288
APC	9977	2001	2237
APC	9977	2000	1505
APC	9977	1999	834
APC	9977	1998	682
APC	9977	1997	346
APC	9977	1996	304
APC	9977	1995	197
APC	9977	1994	166
APC	9977	1993	181
APC	9977	1992	163
APC	9977	1991	196
APC	9977	1990	125
APC	9977	1989	60
APC	9977	1988	11
APC	9977	1987	10
APC	9977	1986	3
APC	9977	1984	1
APC	9977	1965	1
APC	9977	1964	3
APC	9977	1963	2
APC	9977	1962	1
APC	9977	1961	1
APC	9977	1960	1
APC	9977	1959	1
APC	9977	1958	2
KIT	9739	2020	3
KIT	9739	2019	19811
KIT	9739	2018	30180
KIT	9739	2017	29996
KIT	9739	2016	28025
KIT	9739	2015	25647
KIT	9739	2014	22421
KIT	9739	2013	17845
KIT	9739	2012	16673
KIT	9739	2011	15115
KIT	9739	2010	13497
KIT	9739	2009	12099
KIT	9739	2008	10919
KIT	9739	2007	9990
KIT	9739	2006	8913
KIT	9739	2005	8197
KIT	9739	2004	6432
KIT	9739	2003	4690
KIT	9739	2002	3288
KIT	9739	2001	2237
KIT	9739	2000	1505
KIT	9739	1999	834
KIT	9739	1998	682
KIT	9739	1997	346
KIT	9739	1996	304
KIT	9739	1995	197
KIT	9739	1994	166
KIT	9739	1993	181
KIT	9739	1992	163
KIT	9739	1991	196
KIT	9739	1990	125
KIT	9739	1989	60
KIT	9739	1988	11
KIT	9739	1987	10
KIT	9739	1986	3
KIT	9739	1984	1
KIT	9739	1965	1
KIT	9739	1964	3
KIT	9739	1963	2
KIT	9739	1962	1
KIT	9739	1961	1
KIT	9739	1960	1
KIT	9739	1959	1
KIT	9739	1958	2
CTNNB1	7791	2020	3
CTNNB1	7791	2019	19811
CTNNB1	7791	2018	30180
CTNNB1	7791	2017	29996
CTNNB1	7791	2016	28025
CTNNB1	7791	2015	25647
CTNNB1	7791	2014	22421
CTNNB1	7791	2013	17845
CTNNB1	7791	2012	16673
CTNNB1	7791	2011	15115
CTNNB1	7791	2010	13497
CTNNB1	7791	2009	12099
CTNNB1	7791	2008	10919
CTNNB1	7791	2007	9990
CTNNB1	7791	2006	8913
CTNNB1	7791	2005	8197
CTNNB1	7791	2004	6432
CTNNB1	7791	2003	4690
CTNNB1	7791	2002	3288
CTNNB1	7791	2001	2237
CTNNB1	7791	2000	1505
CTNNB1	7791	1999	834
CTNNB1	7791	1998	682
CTNNB1	7791	1997	346
CTNNB1	7791	1996	304
CTNNB1	7791	1995	197
CTNNB1	7791	1994	166
CTNNB1	7791	1993	181
CTNNB1	7791	1992	163
CTNNB1	7791	1991	196
CTNNB1	7791	1990	125
CTNNB1	7791	1989	60
CTNNB1	7791	1988	11
CTNNB1	7791	1987	10
CTNNB1	7791	1986	3
CTNNB1	7791	1984	1
CTNNB1	7791	1965	1
CTNNB1	7791	1964	3
CTNNB1	7791	1963	2
CTNNB1	7791	1962	1
CTNNB1	7791	1961	1
CTNNB1	7791	1960	1
CTNNB1	7791	1959	1
CTNNB1	7791	1958	2
NRAS	7140	2020	3
NRAS	7140	2019	19811
NRAS	7140	2018	30180
NRAS	7140	2017	29996
NRAS	7140	2016	28025
NRAS	7140	2015	25647
NRAS	7140	2014	22421
NRAS	7140	2013	17845
NRAS	7140	2012	16673
NRAS	7140	2011	15115
NRAS	7140	2010	13497
NRAS	7140	2009	12099
NRAS	7140	2008	10919
NRAS	7140	2007	9990
NRAS	7140	2006	8913
NRAS	7140	2005	8197
NRAS	7140	2004	6432
NRAS	7140	2003	4690
NRAS	7140	2002	3288
NRAS	7140	2001	2237
NRAS	7140	2000	1505
NRAS	7140	1999	834
NRAS	7140	1998	682
NRAS	7140	1997	346
NRAS	7140	1996	304
NRAS	7140	1995	197
NRAS	7140	1994	166
NRAS	7140	1993	181
NRAS	7140	1992	163
NRAS	7140	1991	196
NRAS	7140	1990	125
NRAS	7140	1989	60
NRAS	7140	1988	11
NRAS	7140	1987	10
NRAS	7140	1986	3
NRAS	7140	1984	1
NRAS	7140	1965	1
NRAS	7140	1964	3
NRAS	7140	1963	2
NRAS	7140	1962	1
NRAS	7140	1961	1
NRAS	7140	1960	1
NRAS	7140	1959	1
NRAS	7140	1958	2
NPM1	6551	2020	3
NPM1	6551	2019	19811
NPM1	6551	2018	30180
NPM1	6551	2017	29996
NPM1	6551	2016	28025
NPM1	6551	2015	25647
NPM1	6551	2014	22421
NPM1	6551	2013	17845
NPM1	6551	2012	16673
NPM1	6551	2011	15115
NPM1	6551	2010	13497
NPM1	6551	2009	12099
NPM1	6551	2008	10919
NPM1	6551	2007	9990
NPM1	6551	2006	8913
NPM1	6551	2005	8197
NPM1	6551	2004	6432
NPM1	6551	2003	4690
NPM1	6551	2002	3288
NPM1	6551	2001	2237
NPM1	6551	2000	1505
NPM1	6551	1999	834
NPM1	6551	1998	682
NPM1	6551	1997	346
NPM1	6551	1996	304
NPM1	6551	1995	197
NPM1	6551	1994	166
NPM1	6551	1993	181
NPM1	6551	1992	163
NPM1	6551	1991	196
NPM1	6551	1990	125
NPM1	6551	1989	60
NPM1	6551	1988	11
NPM1	6551	1987	10
NPM1	6551	1986	3
NPM1	6551	1984	1
NPM1	6551	1965	1
NPM1	6551	1964	3
NPM1	6551	1963	2
NPM1	6551	1962	1
NPM1	6551	1961	1
NPM1	6551	1960	1
NPM1	6551	1959	1
NPM1	6551	1958	2
CDKN2A	6385	2020	3
CDKN2A	6385	2019	19811
CDKN2A	6385	2018	30180
CDKN2A	6385	2017	29996
CDKN2A	6385	2016	28025
CDKN2A	6385	2015	25647
CDKN2A	6385	2014	22421
CDKN2A	6385	2013	17845
CDKN2A	6385	2012	16673
CDKN2A	6385	2011	15115
CDKN2A	6385	2010	13497
CDKN2A	6385	2009	12099
CDKN2A	6385	2008	10919
CDKN2A	6385	2007	9990
CDKN2A	6385	2006	8913
CDKN2A	6385	2005	8197
CDKN2A	6385	2004	6432
CDKN2A	6385	2003	4690
CDKN2A	6385	2002	3288
CDKN2A	6385	2001	2237
CDKN2A	6385	2000	1505
CDKN2A	6385	1999	834
CDKN2A	6385	1998	682
CDKN2A	6385	1997	346
CDKN2A	6385	1996	304
CDKN2A	6385	1995	197
CDKN2A	6385	1994	166
CDKN2A	6385	1993	181
CDKN2A	6385	1992	163
CDKN2A	6385	1991	196
CDKN2A	6385	1990	125
CDKN2A	6385	1989	60
CDKN2A	6385	1988	11
CDKN2A	6385	1987	10
CDKN2A	6385	1986	3
CDKN2A	6385	1984	1
CDKN2A	6385	1965	1
CDKN2A	6385	1964	3
CDKN2A	6385	1963	2
CDKN2A	6385	1962	1
CDKN2A	6385	1961	1
CDKN2A	6385	1960	1
CDKN2A	6385	1959	1
CDKN2A	6385	1958	2
NOTCH1	6037	2020	3
NOTCH1	6037	2019	19811
NOTCH1	6037	2018	30180
NOTCH1	6037	2017	29996
NOTCH1	6037	2016	28025
NOTCH1	6037	2015	25647
NOTCH1	6037	2014	22421
NOTCH1	6037	2013	17845
NOTCH1	6037	2012	16673
NOTCH1	6037	2011	15115
NOTCH1	6037	2010	13497
NOTCH1	6037	2009	12099
NOTCH1	6037	2008	10919
NOTCH1	6037	2007	9990
NOTCH1	6037	2006	8913
NOTCH1	6037	2005	8197
NOTCH1	6037	2004	6432
NOTCH1	6037	2003	4690
NOTCH1	6037	2002	3288
NOTCH1	6037	2001	2237
NOTCH1	6037	2000	1505
NOTCH1	6037	1999	834
NOTCH1	6037	1998	682
NOTCH1	6037	1997	346
NOTCH1	6037	1996	304
NOTCH1	6037	1995	197
NOTCH1	6037	1994	166
NOTCH1	6037	1993	181
NOTCH1	6037	1992	163
NOTCH1	6037	1991	196
NOTCH1	6037	1990	125
NOTCH1	6037	1989	60
NOTCH1	6037	1988	11
NOTCH1	6037	1987	10
NOTCH1	6037	1986	3
NOTCH1	6037	1984	1
NOTCH1	6037	1965	1
NOTCH1	6037	1964	3
NOTCH1	6037	1963	2
NOTCH1	6037	1962	1
NOTCH1	6037	1961	1
NOTCH1	6037	1960	1
NOTCH1	6037	1959	1
NOTCH1	6037	1958	2
PTEN	5840	2020	3
PTEN	5840	2019	19811
PTEN	5840	2018	30180
PTEN	5840	2017	29996
PTEN	5840	2016	28025
PTEN	5840	2015	25647
PTEN	5840	2014	22421
PTEN	5840	2013	17845
PTEN	5840	2012	16673
PTEN	5840	2011	15115
PTEN	5840	2010	13497
PTEN	5840	2009	12099
PTEN	5840	2008	10919
PTEN	5840	2007	9990
PTEN	5840	2006	8913
PTEN	5840	2005	8197
PTEN	5840	2004	6432
PTEN	5840	2003	4690
PTEN	5840	2002	3288
PTEN	5840	2001	2237
PTEN	5840	2000	1505
PTEN	5840	1999	834
PTEN	5840	1998	682
PTEN	5840	1997	346
PTEN	5840	1996	304
PTEN	5840	1995	197
PTEN	5840	1994	166
PTEN	5840	1993	181
PTEN	5840	1992	163
PTEN	5840	1991	196
PTEN	5840	1990	125
PTEN	5840	1989	60
PTEN	5840	1988	11
PTEN	5840	1987	10
PTEN	5840	1986	3
PTEN	5840	1984	1
PTEN	5840	1965	1
PTEN	5840	1964	3
PTEN	5840	1963	2
PTEN	5840	1962	1
PTEN	5840	1961	1
PTEN	5840	1960	1
PTEN	5840	1959	1
PTEN	5840	1958	2
MUC16	5639	2020	3
MUC16	5639	2019	19811
MUC16	5639	2018	30180
MUC16	5639	2017	29996
MUC16	5639	2016	28025
MUC16	5639	2015	25647
MUC16	5639	2014	22421
MUC16	5639	2013	17845
MUC16	5639	2012	16673
MUC16	5639	2011	15115
MUC16	5639	2010	13497
MUC16	5639	2009	12099
MUC16	5639	2008	10919
MUC16	5639	2007	9990
MUC16	5639	2006	8913
MUC16	5639	2005	8197
MUC16	5639	2004	6432
MUC16	5639	2003	4690
MUC16	5639	2002	3288
MUC16	5639	2001	2237
MUC16	5639	2000	1505
MUC16	5639	1999	834
MUC16	5639	1998	682
MUC16	5639	1997	346
MUC16	5639	1996	304
MUC16	5639	1995	197
MUC16	5639	1994	166
MUC16	5639	1993	181
MUC16	5639	1992	163
MUC16	5639	1991	196
MUC16	5639	1990	125
MUC16	5639	1989	60
MUC16	5639	1988	11
MUC16	5639	1987	10
MUC16	5639	1986	3
MUC16	5639	1984	1
MUC16	5639	1965	1
MUC16	5639	1964	3
MUC16	5639	1963	2
MUC16	5639	1962	1
MUC16	5639	1961	1
MUC16	5639	1960	1
MUC16	5639	1959	1
MUC16	5639	1958	2
FGFR3	4691	2020	3
FGFR3	4691	2019	19811
FGFR3	4691	2018	30180
FGFR3	4691	2017	29996
FGFR3	4691	2016	28025
FGFR3	4691	2015	25647
FGFR3	4691	2014	22421
FGFR3	4691	2013	17845
FGFR3	4691	2012	16673
FGFR3	4691	2011	15115
FGFR3	4691	2010	13497
FGFR3	4691	2009	12099
FGFR3	4691	2008	10919
FGFR3	4691	2007	9990
FGFR3	4691	2006	8913
FGFR3	4691	2005	8197
FGFR3	4691	2004	6432
FGFR3	4691	2003	4690
FGFR3	4691	2002	3288
FGFR3	4691	2001	2237
FGFR3	4691	2000	1505
FGFR3	4691	1999	834
FGFR3	4691	1998	682
FGFR3	4691	1997	346
FGFR3	4691	1996	304
FGFR3	4691	1995	197
FGFR3	4691	1994	166
FGFR3	4691	1993	181
FGFR3	4691	1992	163
FGFR3	4691	1991	196
FGFR3	4691	1990	125
FGFR3	4691	1989	60
FGFR3	4691	1988	11
FGFR3	4691	1987	10
FGFR3	4691	1986	3
FGFR3	4691	1984	1
FGFR3	4691	1965	1
FGFR3	4691	1964	3
FGFR3	4691	1963	2
FGFR3	4691	1962	1
FGFR3	4691	1961	1
FGFR3	4691	1960	1
FGFR3	4691	1959	1
FGFR3	4691	1958	2
TET2	4687	2020	3
TET2	4687	2019	19811
TET2	4687	2018	30180
TET2	4687	2017	29996
TET2	4687	2016	28025
TET2	4687	2015	25647
TET2	4687	2014	22421
TET2	4687	2013	17845
TET2	4687	2012	16673
TET2	4687	2011	15115
TET2	4687	2010	13497
TET2	4687	2009	12099
TET2	4687	2008	10919
TET2	4687	2007	9990
TET2	4687	2006	8913
TET2	4687	2005	8197
TET2	4687	2004	6432
TET2	4687	2003	4690
TET2	4687	2002	3288
TET2	4687	2001	2237
TET2	4687	2000	1505
TET2	4687	1999	834
TET2	4687	1998	682
TET2	4687	1997	346
TET2	4687	1996	304
TET2	4687	1995	197
TET2	4687	1994	166
TET2	4687	1993	181
TET2	4687	1992	163
TET2	4687	1991	196
TET2	4687	1990	125
TET2	4687	1989	60
TET2	4687	1988	11
TET2	4687	1987	10
TET2	4687	1986	3
TET2	4687	1984	1
TET2	4687	1965	1
TET2	4687	1964	3
TET2	4687	1963	2
TET2	4687	1962	1
TET2	4687	1961	1
TET2	4687	1960	1
TET2	4687	1959	1
TET2	4687	1958	2
KMT2C	4488	2020	3
KMT2C	4488	2019	19811
KMT2C	4488	2018	30180
KMT2C	4488	2017	29996
KMT2C	4488	2016	28025
KMT2C	4488	2015	25647
KMT2C	4488	2014	22421
KMT2C	4488	2013	17845
KMT2C	4488	2012	16673
KMT2C	4488	2011	15115
KMT2C	4488	2010	13497
KMT2C	4488	2009	12099
KMT2C	4488	2008	10919
KMT2C	4488	2007	9990
KMT2C	4488	2006	8913
KMT2C	4488	2005	8197
KMT2C	4488	2004	6432
KMT2C	4488	2003	4690
KMT2C	4488	2002	3288
KMT2C	4488	2001	2237
KMT2C	4488	2000	1505
KMT2C	4488	1999	834
KMT2C	4488	1998	682
KMT2C	4488	1997	346
KMT2C	4488	1996	304
KMT2C	4488	1995	197
KMT2C	4488	1994	166
KMT2C	4488	1993	181
KMT2C	4488	1992	163
KMT2C	4488	1991	196
KMT2C	4488	1990	125
KMT2C	4488	1989	60
KMT2C	4488	1988	11
KMT2C	4488	1987	10
KMT2C	4488	1986	3
KMT2C	4488	1984	1
KMT2C	4488	1965	1
KMT2C	4488	1964	3
KMT2C	4488	1963	2
KMT2C	4488	1962	1
KMT2C	4488	1961	1
KMT2C	4488	1960	1
KMT2C	4488	1959	1
KMT2C	4488	1958	2
LRP1B	4421	2020	3
LRP1B	4421	2019	19811
LRP1B	4421	2018	30180
LRP1B	4421	2017	29996
LRP1B	4421	2016	28025
LRP1B	4421	2015	25647
LRP1B	4421	2014	22421
LRP1B	4421	2013	17845
LRP1B	4421	2012	16673
LRP1B	4421	2011	15115
LRP1B	4421	2010	13497
LRP1B	4421	2009	12099
LRP1B	4421	2008	10919
LRP1B	4421	2007	9990
LRP1B	4421	2006	8913
LRP1B	4421	2005	8197
LRP1B	4421	2004	6432
LRP1B	4421	2003	4690
LRP1B	4421	2002	3288
LRP1B	4421	2001	2237
LRP1B	4421	2000	1505
LRP1B	4421	1999	834
LRP1B	4421	1998	682
LRP1B	4421	1997	346
LRP1B	4421	1996	304
LRP1B	4421	1995	197
LRP1B	4421	1994	166
LRP1B	4421	1993	181
LRP1B	4421	1992	163
LRP1B	4421	1991	196
LRP1B	4421	1990	125
LRP1B	4421	1989	60
LRP1B	4421	1988	11
LRP1B	4421	1987	10
LRP1B	4421	1986	3
LRP1B	4421	1984	1
LRP1B	4421	1965	1
LRP1B	4421	1964	3
LRP1B	4421	1963	2
LRP1B	4421	1962	1
LRP1B	4421	1961	1
LRP1B	4421	1960	1
LRP1B	4421	1959	1
LRP1B	4421	1958	2
CALR	4371	2020	3
CALR	4371	2019	19811
CALR	4371	2018	30180
CALR	4371	2017	29996
CALR	4371	2016	28025
CALR	4371	2015	25647
CALR	4371	2014	22421
CALR	4371	2013	17845
CALR	4371	2012	16673
CALR	4371	2011	15115
CALR	4371	2010	13497
CALR	4371	2009	12099
CALR	4371	2008	10919
CALR	4371	2007	9990
CALR	4371	2006	8913
CALR	4371	2005	8197
CALR	4371	2004	6432
CALR	4371	2003	4690
CALR	4371	2002	3288
CALR	4371	2001	2237
CALR	4371	2000	1505
CALR	4371	1999	834
CALR	4371	1998	682
CALR	4371	1997	346
CALR	4371	1996	304
CALR	4371	1995	197
CALR	4371	1994	166
CALR	4371	1993	181
CALR	4371	1992	163
CALR	4371	1991	196
CALR	4371	1990	125
CALR	4371	1989	60
CALR	4371	1988	11
CALR	4371	1987	10
CALR	4371	1986	3
CALR	4371	1984	1
CALR	4371	1965	1
CALR	4371	1964	3
CALR	4371	1963	2
CALR	4371	1962	1
CALR	4371	1961	1
CALR	4371	1960	1
CALR	4371	1959	1
CALR	4371	1958	2
KMT2D	4361	2020	3
KMT2D	4361	2019	19811
KMT2D	4361	2018	30180
KMT2D	4361	2017	29996
KMT2D	4361	2016	28025
KMT2D	4361	2015	25647
KMT2D	4361	2014	22421
KMT2D	4361	2013	17845
KMT2D	4361	2012	16673
KMT2D	4361	2011	15115
KMT2D	4361	2010	13497
KMT2D	4361	2009	12099
KMT2D	4361	2008	10919
KMT2D	4361	2007	9990
KMT2D	4361	2006	8913
KMT2D	4361	2005	8197
KMT2D	4361	2004	6432
KMT2D	4361	2003	4690
KMT2D	4361	2002	3288
KMT2D	4361	2001	2237
KMT2D	4361	2000	1505
KMT2D	4361	1999	834
KMT2D	4361	1998	682
KMT2D	4361	1997	346
KMT2D	4361	1996	304
KMT2D	4361	1995	197
KMT2D	4361	1994	166
KMT2D	4361	1993	181
KMT2D	4361	1992	163
KMT2D	4361	1991	196
KMT2D	4361	1990	125
KMT2D	4361	1989	60
KMT2D	4361	1988	11
KMT2D	4361	1987	10
KMT2D	4361	1986	3
KMT2D	4361	1984	1
KMT2D	4361	1965	1
KMT2D	4361	1964	3
KMT2D	4361	1963	2
KMT2D	4361	1962	1
KMT2D	4361	1961	1
KMT2D	4361	1960	1
KMT2D	4361	1959	1
KMT2D	4361	1958	2
DNMT3A	4037	2020	3
DNMT3A	4037	2019	19811
DNMT3A	4037	2018	30180
DNMT3A	4037	2017	29996
DNMT3A	4037	2016	28025
DNMT3A	4037	2015	25647
DNMT3A	4037	2014	22421
DNMT3A	4037	2013	17845
DNMT3A	4037	2012	16673
DNMT3A	4037	2011	15115
DNMT3A	4037	2010	13497
DNMT3A	4037	2009	12099
DNMT3A	4037	2008	10919
DNMT3A	4037	2007	9990
DNMT3A	4037	2006	8913
DNMT3A	4037	2005	8197
DNMT3A	4037	2004	6432
DNMT3A	4037	2003	4690
DNMT3A	4037	2002	3288
DNMT3A	4037	2001	2237
DNMT3A	4037	2000	1505
DNMT3A	4037	1999	834
DNMT3A	4037	1998	682
DNMT3A	4037	1997	346
DNMT3A	4037	1996	304
DNMT3A	4037	1995	197
DNMT3A	4037	1994	166
DNMT3A	4037	1993	181
DNMT3A	4037	1992	163
DNMT3A	4037	1991	196
DNMT3A	4037	1990	125
DNMT3A	4037	1989	60
DNMT3A	4037	1988	11
DNMT3A	4037	1987	10
DNMT3A	4037	1986	3
DNMT3A	4037	1984	1
DNMT3A	4037	1965	1
DNMT3A	4037	1964	3
DNMT3A	4037	1963	2
DNMT3A	4037	1962	1
DNMT3A	4037	1961	1
DNMT3A	4037	1960	1
DNMT3A	4037	1959	1
DNMT3A	4037	1958	2
CSMD3	3958	2020	3
CSMD3	3958	2019	19811
CSMD3	3958	2018	30180
CSMD3	3958	2017	29996
CSMD3	3958	2016	28025
CSMD3	3958	2015	25647
CSMD3	3958	2014	22421
CSMD3	3958	2013	17845
CSMD3	3958	2012	16673
CSMD3	3958	2011	15115
CSMD3	3958	2010	13497
CSMD3	3958	2009	12099
CSMD3	3958	2008	10919
CSMD3	3958	2007	9990
CSMD3	3958	2006	8913
CSMD3	3958	2005	8197
CSMD3	3958	2004	6432
CSMD3	3958	2003	4690
CSMD3	3958	2002	3288
CSMD3	3958	2001	2237
CSMD3	3958	2000	1505
CSMD3	3958	1999	834
CSMD3	3958	1998	682
CSMD3	3958	1997	346
CSMD3	3958	1996	304
CSMD3	3958	1995	197
CSMD3	3958	1994	166
CSMD3	3958	1993	181
CSMD3	3958	1992	163
CSMD3	3958	1991	196
CSMD3	3958	1990	125
CSMD3	3958	1989	60
CSMD3	3958	1988	11
CSMD3	3958	1987	10
CSMD3	3958	1986	3
CSMD3	3958	1984	1
CSMD3	3958	1965	1
CSMD3	3958	1964	3
CSMD3	3958	1963	2
CSMD3	3958	1962	1
CSMD3	3958	1961	1
CSMD3	3958	1960	1
CSMD3	3958	1959	1
CSMD3	3958	1958	2
MED12	3923	2020	3
MED12	3923	2019	19811
MED12	3923	2018	30180
MED12	3923	2017	29996
MED12	3923	2016	28025
MED12	3923	2015	25647
MED12	3923	2014	22421
MED12	3923	2013	17845
MED12	3923	2012	16673
MED12	3923	2011	15115
MED12	3923	2010	13497
MED12	3923	2009	12099
MED12	3923	2008	10919
MED12	3923	2007	9990
MED12	3923	2006	8913
MED12	3923	2005	8197
MED12	3923	2004	6432
MED12	3923	2003	4690
MED12	3923	2002	3288
MED12	3923	2001	2237
MED12	3923	2000	1505
MED12	3923	1999	834
MED12	3923	1998	682
MED12	3923	1997	346
MED12	3923	1996	304
MED12	3923	1995	197
MED12	3923	1994	166
MED12	3923	1993	181
MED12	3923	1992	163
MED12	3923	1991	196
MED12	3923	1990	125
MED12	3923	1989	60
MED12	3923	1988	11
MED12	3923	1987	10
MED12	3923	1986	3
MED12	3923	1984	1
MED12	3923	1965	1
MED12	3923	1964	3
MED12	3923	1963	2
MED12	3923	1962	1
MED12	3923	1961	1
MED12	3923	1960	1
MED12	3923	1959	1
MED12	3923	1958	2
ARID1A	3755	2020	3
ARID1A	3755	2019	19811
ARID1A	3755	2018	30180
ARID1A	3755	2017	29996
ARID1A	3755	2016	28025
ARID1A	3755	2015	25647
ARID1A	3755	2014	22421
ARID1A	3755	2013	17845
ARID1A	3755	2012	16673
ARID1A	3755	2011	15115
ARID1A	3755	2010	13497
ARID1A	3755	2009	12099
ARID1A	3755	2008	10919
ARID1A	3755	2007	9990
ARID1A	3755	2006	8913
ARID1A	3755	2005	8197
ARID1A	3755	2004	6432
ARID1A	3755	2003	4690
ARID1A	3755	2002	3288
ARID1A	3755	2001	2237
ARID1A	3755	2000	1505
ARID1A	3755	1999	834
ARID1A	3755	1998	682
ARID1A	3755	1997	346
ARID1A	3755	1996	304
ARID1A	3755	1995	197
ARID1A	3755	1994	166
ARID1A	3755	1993	181
ARID1A	3755	1992	163
ARID1A	3755	1991	196
ARID1A	3755	1990	125
ARID1A	3755	1989	60
ARID1A	3755	1988	11
ARID1A	3755	1987	10
ARID1A	3755	1986	3
ARID1A	3755	1984	1
ARID1A	3755	1965	1
ARID1A	3755	1964	3
ARID1A	3755	1963	2
ARID1A	3755	1962	1
ARID1A	3755	1961	1
ARID1A	3755	1960	1
ARID1A	3755	1959	1
ARID1A	3755	1958	2
VHL	3661	2020	3
VHL	3661	2019	19811
VHL	3661	2018	30180
VHL	3661	2017	29996
VHL	3661	2016	28025
VHL	3661	2015	25647
VHL	3661	2014	22421
VHL	3661	2013	17845
VHL	3661	2012	16673
VHL	3661	2011	15115
VHL	3661	2010	13497
VHL	3661	2009	12099
VHL	3661	2008	10919
VHL	3661	2007	9990
VHL	3661	2006	8913
VHL	3661	2005	8197
VHL	3661	2004	6432
VHL	3661	2003	4690
VHL	3661	2002	3288
VHL	3661	2001	2237
VHL	3661	2000	1505
VHL	3661	1999	834
VHL	3661	1998	682
VHL	3661	1997	346
VHL	3661	1996	304
VHL	3661	1995	197
VHL	3661	1994	166
VHL	3661	1993	181
VHL	3661	1992	163
VHL	3661	1991	196
VHL	3661	1990	125
VHL	3661	1989	60
VHL	3661	1988	11
VHL	3661	1987	10
VHL	3661	1986	3
VHL	3661	1984	1
VHL	3661	1965	1
VHL	3661	1964	3
VHL	3661	1963	2
VHL	3661	1962	1
VHL	3661	1961	1
VHL	3661	1960	1
VHL	3661	1959	1
VHL	3661	1958	2
NF1	3291	2020	3
NF1	3291	2019	19811
NF1	3291	2018	30180
NF1	3291	2017	29996
NF1	3291	2016	28025
NF1	3291	2015	25647
NF1	3291	2014	22421
NF1	3291	2013	17845
NF1	3291	2012	16673
NF1	3291	2011	15115
NF1	3291	2010	13497
NF1	3291	2009	12099
NF1	3291	2008	10919
NF1	3291	2007	9990
NF1	3291	2006	8913
NF1	3291	2005	8197
NF1	3291	2004	6432
NF1	3291	2003	4690
NF1	3291	2002	3288
NF1	3291	2001	2237
NF1	3291	2000	1505
NF1	3291	1999	834
NF1	3291	1998	682
NF1	3291	1997	346
NF1	3291	1996	304
NF1	3291	1995	197
NF1	3291	1994	166
NF1	3291	1993	181
NF1	3291	1992	163
NF1	3291	1991	196
NF1	3291	1990	125
NF1	3291	1989	60
NF1	3291	1988	11
NF1	3291	1987	10
NF1	3291	1986	3
NF1	3291	1984	1
NF1	3291	1965	1
NF1	3291	1964	3
NF1	3291	1963	2
NF1	3291	1962	1
NF1	3291	1961	1
NF1	3291	1960	1
NF1	3291	1959	1
NF1	3291	1958	2
ATM	3232	2020	3
ATM	3232	2019	19811
ATM	3232	2018	30180
ATM	3232	2017	29996
ATM	3232	2016	28025
ATM	3232	2015	25647
ATM	3232	2014	22421
ATM	3232	2013	17845
ATM	3232	2012	16673
ATM	3232	2011	15115
ATM	3232	2010	13497
ATM	3232	2009	12099
ATM	3232	2008	10919
ATM	3232	2007	9990
ATM	3232	2006	8913
ATM	3232	2005	8197
ATM	3232	2004	6432
ATM	3232	2003	4690
ATM	3232	2002	3288
ATM	3232	2001	2237
ATM	3232	2000	1505
ATM	3232	1999	834
ATM	3232	1998	682
ATM	3232	1997	346
ATM	3232	1996	304
ATM	3232	1995	197
ATM	3232	1994	166
ATM	3232	1993	181
ATM	3232	1992	163
ATM	3232	1991	196
ATM	3232	1990	125
ATM	3232	1989	60
ATM	3232	1988	11
ATM	3232	1987	10
ATM	3232	1986	3
ATM	3232	1984	1
ATM	3232	1965	1
ATM	3232	1964	3
ATM	3232	1963	2
ATM	3232	1962	1
ATM	3232	1961	1
ATM	3232	1960	1
ATM	3232	1959	1
ATM	3232	1958	2
ASXL1	3220	2020	3
ASXL1	3220	2019	19811
ASXL1	3220	2018	30180
ASXL1	3220	2017	29996
ASXL1	3220	2016	28025
ASXL1	3220	2015	25647
ASXL1	3220	2014	22421
ASXL1	3220	2013	17845
ASXL1	3220	2012	16673
ASXL1	3220	2011	15115
ASXL1	3220	2010	13497
ASXL1	3220	2009	12099
ASXL1	3220	2008	10919
ASXL1	3220	2007	9990
ASXL1	3220	2006	8913
ASXL1	3220	2005	8197
ASXL1	3220	2004	6432
ASXL1	3220	2003	4690
ASXL1	3220	2002	3288
ASXL1	3220	2001	2237
ASXL1	3220	2000	1505
ASXL1	3220	1999	834
ASXL1	3220	1998	682
ASXL1	3220	1997	346
ASXL1	3220	1996	304
ASXL1	3220	1995	197
ASXL1	3220	1994	166
ASXL1	3220	1993	181
ASXL1	3220	1992	163
ASXL1	3220	1991	196
ASXL1	3220	1990	125
ASXL1	3220	1989	60
ASXL1	3220	1988	11
ASXL1	3220	1987	10
ASXL1	3220	1986	3
ASXL1	3220	1984	1
ASXL1	3220	1965	1
ASXL1	3220	1964	3
ASXL1	3220	1963	2
ASXL1	3220	1962	1
ASXL1	3220	1961	1
ASXL1	3220	1960	1
ASXL1	3220	1959	1
ASXL1	3220	1958	2
FAT4	3072	2020	3
FAT4	3072	2019	19811
FAT4	3072	2018	30180
FAT4	3072	2017	29996
FAT4	3072	2016	28025
FAT4	3072	2015	25647
FAT4	3072	2014	22421
FAT4	3072	2013	17845
FAT4	3072	2012	16673
FAT4	3072	2011	15115
FAT4	3072	2010	13497
FAT4	3072	2009	12099
FAT4	3072	2008	10919
FAT4	3072	2007	9990
FAT4	3072	2006	8913
FAT4	3072	2005	8197
FAT4	3072	2004	6432
FAT4	3072	2003	4690
FAT4	3072	2002	3288
FAT4	3072	2001	2237
FAT4	3072	2000	1505
FAT4	3072	1999	834
FAT4	3072	1998	682
FAT4	3072	1997	346
FAT4	3072	1996	304
FAT4	3072	1995	197
FAT4	3072	1994	166
FAT4	3072	1993	181
FAT4	3072	1992	163
FAT4	3072	1991	196
FAT4	3072	1990	125
FAT4	3072	1989	60
FAT4	3072	1988	11
FAT4	3072	1987	10
FAT4	3072	1986	3
FAT4	3072	1984	1
FAT4	3072	1965	1
FAT4	3072	1964	3
FAT4	3072	1963	2
FAT4	3072	1962	1
FAT4	3072	1961	1
FAT4	3072	1960	1
FAT4	3072	1959	1
FAT4	3072	1958	2
FAT1	2908	2020	3
FAT1	2908	2019	19811
FAT1	2908	2018	30180
FAT1	2908	2017	29996
FAT1	2908	2016	28025
FAT1	2908	2015	25647
FAT1	2908	2014	22421
FAT1	2908	2013	17845
FAT1	2908	2012	16673
FAT1	2908	2011	15115
FAT1	2908	2010	13497
FAT1	2908	2009	12099
FAT1	2908	2008	10919
FAT1	2908	2007	9990
FAT1	2908	2006	8913
FAT1	2908	2005	8197
FAT1	2908	2004	6432
FAT1	2908	2003	4690
FAT1	2908	2002	3288
FAT1	2908	2001	2237
FAT1	2908	2000	1505
FAT1	2908	1999	834
FAT1	2908	1998	682
FAT1	2908	1997	346
FAT1	2908	1996	304
FAT1	2908	1995	197
FAT1	2908	1994	166
FAT1	2908	1993	181
FAT1	2908	1992	163
FAT1	2908	1991	196
FAT1	2908	1990	125
FAT1	2908	1989	60
FAT1	2908	1988	11
FAT1	2908	1987	10
FAT1	2908	1986	3
FAT1	2908	1984	1
FAT1	2908	1965	1
FAT1	2908	1964	3
FAT1	2908	1963	2
FAT1	2908	1962	1
FAT1	2908	1961	1
FAT1	2908	1960	1
FAT1	2908	1959	1
FAT1	2908	1958	2
SF3B1	2843	2020	3
SF3B1	2843	2019	19811
SF3B1	2843	2018	30180
SF3B1	2843	2017	29996
SF3B1	2843	2016	28025
SF3B1	2843	2015	25647
SF3B1	2843	2014	22421
SF3B1	2843	2013	17845
SF3B1	2843	2012	16673
SF3B1	2843	2011	15115
SF3B1	2843	2010	13497
SF3B1	2843	2009	12099
SF3B1	2843	2008	10919
SF3B1	2843	2007	9990
SF3B1	2843	2006	8913
SF3B1	2843	2005	8197
SF3B1	2843	2004	6432
SF3B1	2843	2003	4690
SF3B1	2843	2002	3288
SF3B1	2843	2001	2237
SF3B1	2843	2000	1505
SF3B1	2843	1999	834
SF3B1	2843	1998	682
SF3B1	2843	1997	346
SF3B1	2843	1996	304
SF3B1	2843	1995	197
SF3B1	2843	1994	166
SF3B1	2843	1993	181
SF3B1	2843	1992	163
SF3B1	2843	1991	196
SF3B1	2843	1990	125
SF3B1	2843	1989	60
SF3B1	2843	1988	11
SF3B1	2843	1987	10
SF3B1	2843	1986	3
SF3B1	2843	1984	1
SF3B1	2843	1965	1
SF3B1	2843	1964	3
SF3B1	2843	1963	2
SF3B1	2843	1962	1
SF3B1	2843	1961	1
SF3B1	2843	1960	1
SF3B1	2843	1959	1
SF3B1	2843	1958	2
PDGFRA	2642	2020	3
PDGFRA	2642	2019	19811
PDGFRA	2642	2018	30180
PDGFRA	2642	2017	29996
PDGFRA	2642	2016	28025
PDGFRA	2642	2015	25647
PDGFRA	2642	2014	22421
PDGFRA	2642	2013	17845
PDGFRA	2642	2012	16673
PDGFRA	2642	2011	15115
PDGFRA	2642	2010	13497
PDGFRA	2642	2009	12099
PDGFRA	2642	2008	10919
PDGFRA	2642	2007	9990
PDGFRA	2642	2006	8913
PDGFRA	2642	2005	8197
PDGFRA	2642	2004	6432
PDGFRA	2642	2003	4690
PDGFRA	2642	2002	3288
PDGFRA	2642	2001	2237
PDGFRA	2642	2000	1505
PDGFRA	2642	1999	834
PDGFRA	2642	1998	682
PDGFRA	2642	1997	346
PDGFRA	2642	1996	304
PDGFRA	2642	1995	197
PDGFRA	2642	1994	166
PDGFRA	2642	1993	181
PDGFRA	2642	1992	163
PDGFRA	2642	1991	196
PDGFRA	2642	1990	125
PDGFRA	2642	1989	60
PDGFRA	2642	1988	11
PDGFRA	2642	1987	10
PDGFRA	2642	1986	3
PDGFRA	2642	1984	1
PDGFRA	2642	1965	1
PDGFRA	2642	1964	3
PDGFRA	2642	1963	2
PDGFRA	2642	1962	1
PDGFRA	2642	1961	1
PDGFRA	2642	1960	1
PDGFRA	2642	1959	1
PDGFRA	2642	1958	2
IDH2	2495	2020	3
IDH2	2495	2019	19811
IDH2	2495	2018	30180
IDH2	2495	2017	29996
IDH2	2495	2016	28025
IDH2	2495	2015	25647
IDH2	2495	2014	22421
IDH2	2495	2013	17845
IDH2	2495	2012	16673
IDH2	2495	2011	15115
IDH2	2495	2010	13497
IDH2	2495	2009	12099
IDH2	2495	2008	10919
IDH2	2495	2007	9990
IDH2	2495	2006	8913
IDH2	2495	2005	8197
IDH2	2495	2004	6432
IDH2	2495	2003	4690
IDH2	2495	2002	3288
IDH2	2495	2001	2237
IDH2	2495	2000	1505
IDH2	2495	1999	834
IDH2	2495	1998	682
IDH2	2495	1997	346
IDH2	2495	1996	304
IDH2	2495	1995	197
IDH2	2495	1994	166
IDH2	2495	1993	181
IDH2	2495	1992	163
IDH2	2495	1991	196
IDH2	2495	1990	125
IDH2	2495	1989	60
IDH2	2495	1988	11
IDH2	2495	1987	10
IDH2	2495	1986	3
IDH2	2495	1984	1
IDH2	2495	1965	1
IDH2	2495	1964	3
IDH2	2495	1963	2
IDH2	2495	1962	1
IDH2	2495	1961	1
IDH2	2495	1960	1
IDH2	2495	1959	1
IDH2	2495	1958	2
RET	2494	2020	3
RET	2494	2019	19811
RET	2494	2018	30180
RET	2494	2017	29996
RET	2494	2016	28025
RET	2494	2015	25647
RET	2494	2014	22421
RET	2494	2013	17845
RET	2494	2012	16673
RET	2494	2011	15115
RET	2494	2010	13497
RET	2494	2009	12099
RET	2494	2008	10919
RET	2494	2007	9990
RET	2494	2006	8913
RET	2494	2005	8197
RET	2494	2004	6432
RET	2494	2003	4690
RET	2494	2002	3288
RET	2494	2001	2237
RET	2494	2000	1505
RET	2494	1999	834
RET	2494	1998	682
RET	2494	1997	346
RET	2494	1996	304
RET	2494	1995	197
RET	2494	1994	166
RET	2494	1993	181
RET	2494	1992	163
RET	2494	1991	196
RET	2494	1990	125
RET	2494	1989	60
RET	2494	1988	11
RET	2494	1987	10
RET	2494	1986	3
RET	2494	1984	1
RET	2494	1965	1
RET	2494	1964	3
RET	2494	1963	2
RET	2494	1962	1
RET	2494	1961	1
RET	2494	1960	1
RET	2494	1959	1
RET	2494	1958	2
ZFHX3	2391	2020	3
ZFHX3	2391	2019	19811
ZFHX3	2391	2018	30180
ZFHX3	2391	2017	29996
ZFHX3	2391	2016	28025
ZFHX3	2391	2015	25647
ZFHX3	2391	2014	22421
ZFHX3	2391	2013	17845
ZFHX3	2391	2012	16673
ZFHX3	2391	2011	15115
ZFHX3	2391	2010	13497
ZFHX3	2391	2009	12099
ZFHX3	2391	2008	10919
ZFHX3	2391	2007	9990
ZFHX3	2391	2006	8913
ZFHX3	2391	2005	8197
ZFHX3	2391	2004	6432
ZFHX3	2391	2003	4690
ZFHX3	2391	2002	3288
ZFHX3	2391	2001	2237
ZFHX3	2391	2000	1505
ZFHX3	2391	1999	834
ZFHX3	2391	1998	682
ZFHX3	2391	1997	346
ZFHX3	2391	1996	304
ZFHX3	2391	1995	197
ZFHX3	2391	1994	166
ZFHX3	2391	1993	181
ZFHX3	2391	1992	163
ZFHX3	2391	1991	196
ZFHX3	2391	1990	125
ZFHX3	2391	1989	60
ZFHX3	2391	1988	11
ZFHX3	2391	1987	10
ZFHX3	2391	1986	3
ZFHX3	2391	1984	1
ZFHX3	2391	1965	1
ZFHX3	2391	1964	3
ZFHX3	2391	1963	2
ZFHX3	2391	1962	1
ZFHX3	2391	1961	1
ZFHX3	2391	1960	1
ZFHX3	2391	1959	1
ZFHX3	2391	1958	2
FBXW7	2364	2020	3
FBXW7	2364	2019	19811
FBXW7	2364	2018	30180
FBXW7	2364	2017	29996
FBXW7	2364	2016	28025
FBXW7	2364	2015	25647
FBXW7	2364	2014	22421
FBXW7	2364	2013	17845
FBXW7	2364	2012	16673
FBXW7	2364	2011	15115
FBXW7	2364	2010	13497
FBXW7	2364	2009	12099
FBXW7	2364	2008	10919
FBXW7	2364	2007	9990
FBXW7	2364	2006	8913
FBXW7	2364	2005	8197
FBXW7	2364	2004	6432
FBXW7	2364	2003	4690
FBXW7	2364	2002	3288
FBXW7	2364	2001	2237
FBXW7	2364	2000	1505
FBXW7	2364	1999	834
FBXW7	2364	1998	682
FBXW7	2364	1997	346
FBXW7	2364	1996	304
FBXW7	2364	1995	197
FBXW7	2364	1994	166
FBXW7	2364	1993	181
FBXW7	2364	1992	163
FBXW7	2364	1991	196
FBXW7	2364	1990	125
FBXW7	2364	1989	60
FBXW7	2364	1988	11
FBXW7	2364	1987	10
FBXW7	2364	1986	3
FBXW7	2364	1984	1
FBXW7	2364	1965	1
FBXW7	2364	1964	3
FBXW7	2364	1963	2
FBXW7	2364	1962	1
FBXW7	2364	1961	1
FBXW7	2364	1960	1
FBXW7	2364	1959	1
FBXW7	2364	1958	2
MYD88	2295	2020	3
MYD88	2295	2019	19811
MYD88	2295	2018	30180
MYD88	2295	2017	29996
MYD88	2295	2016	28025
MYD88	2295	2015	25647
MYD88	2295	2014	22421
MYD88	2295	2013	17845
MYD88	2295	2012	16673
MYD88	2295	2011	15115
MYD88	2295	2010	13497
MYD88	2295	2009	12099
MYD88	2295	2008	10919
MYD88	2295	2007	9990
MYD88	2295	2006	8913
MYD88	2295	2005	8197
MYD88	2295	2004	6432
MYD88	2295	2003	4690
MYD88	2295	2002	3288
MYD88	2295	2001	2237
MYD88	2295	2000	1505
MYD88	2295	1999	834
MYD88	2295	1998	682
MYD88	2295	1997	346
MYD88	2295	1996	304
MYD88	2295	1995	197
MYD88	2295	1994	166
MYD88	2295	1993	181
MYD88	2295	1992	163
MYD88	2295	1991	196
MYD88	2295	1990	125
MYD88	2295	1989	60
MYD88	2295	1988	11
MYD88	2295	1987	10
MYD88	2295	1986	3
MYD88	2295	1984	1
MYD88	2295	1965	1
MYD88	2295	1964	3
MYD88	2295	1963	2
MYD88	2295	1962	1
MYD88	2295	1961	1
MYD88	2295	1960	1
MYD88	2295	1959	1
MYD88	2295	1958	2
ABL1	2285	2020	3
ABL1	2285	2019	19811
ABL1	2285	2018	30180
ABL1	2285	2017	29996
ABL1	2285	2016	28025
ABL1	2285	2015	25647
ABL1	2285	2014	22421
ABL1	2285	2013	17845
ABL1	2285	2012	16673
ABL1	2285	2011	15115
ABL1	2285	2010	13497
ABL1	2285	2009	12099
ABL1	2285	2008	10919
ABL1	2285	2007	9990
ABL1	2285	2006	8913
ABL1	2285	2005	8197
ABL1	2285	2004	6432
ABL1	2285	2003	4690
ABL1	2285	2002	3288
ABL1	2285	2001	2237
ABL1	2285	2000	1505
ABL1	2285	1999	834
ABL1	2285	1998	682
ABL1	2285	1997	346
ABL1	2285	1996	304
ABL1	2285	1995	197
ABL1	2285	1994	166
ABL1	2285	1993	181
ABL1	2285	1992	163
ABL1	2285	1991	196
ABL1	2285	1990	125
ABL1	2285	1989	60
ABL1	2285	1988	11
ABL1	2285	1987	10
ABL1	2285	1986	3
ABL1	2285	1984	1
ABL1	2285	1965	1
ABL1	2285	1964	3
ABL1	2285	1963	2
ABL1	2285	1962	1
ABL1	2285	1961	1
ABL1	2285	1960	1
ABL1	2285	1959	1
ABL1	2285	1958	2
PBRM1	2261	2020	3
PBRM1	2261	2019	19811
PBRM1	2261	2018	30180
PBRM1	2261	2017	29996
PBRM1	2261	2016	28025
PBRM1	2261	2015	25647
PBRM1	2261	2014	22421
PBRM1	2261	2013	17845
PBRM1	2261	2012	16673
PBRM1	2261	2011	15115
PBRM1	2261	2010	13497
PBRM1	2261	2009	12099
PBRM1	2261	2008	10919
PBRM1	2261	2007	9990
PBRM1	2261	2006	8913
PBRM1	2261	2005	8197
PBRM1	2261	2004	6432
PBRM1	2261	2003	4690
PBRM1	2261	2002	3288
PBRM1	2261	2001	2237
PBRM1	2261	2000	1505
PBRM1	2261	1999	834
PBRM1	2261	1998	682
PBRM1	2261	1997	346
PBRM1	2261	1996	304
PBRM1	2261	1995	197
PBRM1	2261	1994	166
PBRM1	2261	1993	181
PBRM1	2261	1992	163
PBRM1	2261	1991	196
PBRM1	2261	1990	125
PBRM1	2261	1989	60
PBRM1	2261	1988	11
PBRM1	2261	1987	10
PBRM1	2261	1986	3
PBRM1	2261	1984	1
PBRM1	2261	1965	1
PBRM1	2261	1964	3
PBRM1	2261	1963	2
PBRM1	2261	1962	1
PBRM1	2261	1961	1
PBRM1	2261	1960	1
PBRM1	2261	1959	1
PBRM1	2261	1958	2
GNAS	2249	2020	3
GNAS	2249	2019	19811
GNAS	2249	2018	30180
GNAS	2249	2017	29996
GNAS	2249	2016	28025
GNAS	2249	2015	25647
GNAS	2249	2014	22421
GNAS	2249	2013	17845
GNAS	2249	2012	16673
GNAS	2249	2011	15115
GNAS	2249	2010	13497
GNAS	2249	2009	12099
GNAS	2249	2008	10919
GNAS	2249	2007	9990
GNAS	2249	2006	8913
GNAS	2249	2005	8197
GNAS	2249	2004	6432
GNAS	2249	2003	4690
GNAS	2249	2002	3288
GNAS	2249	2001	2237
GNAS	2249	2000	1505
GNAS	2249	1999	834
GNAS	2249	1998	682
GNAS	2249	1997	346
GNAS	2249	1996	304
GNAS	2249	1995	197
GNAS	2249	1994	166
GNAS	2249	1993	181
GNAS	2249	1992	163
GNAS	2249	1991	196
GNAS	2249	1990	125
GNAS	2249	1989	60
GNAS	2249	1988	11
GNAS	2249	1987	10
GNAS	2249	1986	3
GNAS	2249	1984	1
GNAS	2249	1965	1
GNAS	2249	1964	3
GNAS	2249	1963	2
GNAS	2249	1962	1
GNAS	2249	1961	1
GNAS	2249	1960	1
GNAS	2249	1959	1
GNAS	2249	1958	2
SMAD4	2182	2020	3
SMAD4	2182	2019	19811
SMAD4	2182	2018	30180
SMAD4	2182	2017	29996
SMAD4	2182	2016	28025
SMAD4	2182	2015	25647
SMAD4	2182	2014	22421
SMAD4	2182	2013	17845
SMAD4	2182	2012	16673
SMAD4	2182	2011	15115
SMAD4	2182	2010	13497
SMAD4	2182	2009	12099
SMAD4	2182	2008	10919
SMAD4	2182	2007	9990
SMAD4	2182	2006	8913
SMAD4	2182	2005	8197
SMAD4	2182	2004	6432
SMAD4	2182	2003	4690
SMAD4	2182	2002	3288
SMAD4	2182	2001	2237
SMAD4	2182	2000	1505
SMAD4	2182	1999	834
SMAD4	2182	1998	682
SMAD4	2182	1997	346
SMAD4	2182	1996	304
SMAD4	2182	1995	197
SMAD4	2182	1994	166
SMAD4	2182	1993	181
SMAD4	2182	1992	163
SMAD4	2182	1991	196
SMAD4	2182	1990	125
SMAD4	2182	1989	60
SMAD4	2182	1988	11
SMAD4	2182	1987	10
SMAD4	2182	1986	3
SMAD4	2182	1984	1
SMAD4	2182	1965	1
SMAD4	2182	1964	3
SMAD4	2182	1963	2
SMAD4	2182	1962	1
SMAD4	2182	1961	1
SMAD4	2182	1960	1
SMAD4	2182	1959	1
SMAD4	2182	1958	2
CREBBP	2143	2020	3
CREBBP	2143	2019	19811
CREBBP	2143	2018	30180
CREBBP	2143	2017	29996
CREBBP	2143	2016	28025
CREBBP	2143	2015	25647
CREBBP	2143	2014	22421
CREBBP	2143	2013	17845
CREBBP	2143	2012	16673
CREBBP	2143	2011	15115
CREBBP	2143	2010	13497
CREBBP	2143	2009	12099
CREBBP	2143	2008	10919
CREBBP	2143	2007	9990
CREBBP	2143	2006	8913
CREBBP	2143	2005	8197
CREBBP	2143	2004	6432
CREBBP	2143	2003	4690
CREBBP	2143	2002	3288
CREBBP	2143	2001	2237
CREBBP	2143	2000	1505
CREBBP	2143	1999	834
CREBBP	2143	1998	682
CREBBP	2143	1997	346
CREBBP	2143	1996	304
CREBBP	2143	1995	197
CREBBP	2143	1994	166
CREBBP	2143	1993	181
CREBBP	2143	1992	163
CREBBP	2143	1991	196
CREBBP	2143	1990	125
CREBBP	2143	1989	60
CREBBP	2143	1988	11
CREBBP	2143	1987	10
CREBBP	2143	1986	3
CREBBP	2143	1984	1
CREBBP	2143	1965	1
CREBBP	2143	1964	3
CREBBP	2143	1963	2
CREBBP	2143	1962	1
CREBBP	2143	1961	1
CREBBP	2143	1960	1
CREBBP	2143	1959	1
CREBBP	2143	1958	2
RB1	2126	2020	3
RB1	2126	2019	19811
RB1	2126	2018	30180
RB1	2126	2017	29996
RB1	2126	2016	28025
RB1	2126	2015	25647
RB1	2126	2014	22421
RB1	2126	2013	17845
RB1	2126	2012	16673
RB1	2126	2011	15115
RB1	2126	2010	13497
RB1	2126	2009	12099
RB1	2126	2008	10919
RB1	2126	2007	9990
RB1	2126	2006	8913
RB1	2126	2005	8197
RB1	2126	2004	6432
RB1	2126	2003	4690
RB1	2126	2002	3288
RB1	2126	2001	2237
RB1	2126	2000	1505
RB1	2126	1999	834
RB1	2126	1998	682
RB1	2126	1997	346
RB1	2126	1996	304
RB1	2126	1995	197
RB1	2126	1994	166
RB1	2126	1993	181
RB1	2126	1992	163
RB1	2126	1991	196
RB1	2126	1990	125
RB1	2126	1989	60
RB1	2126	1988	11
RB1	2126	1987	10
RB1	2126	1986	3
RB1	2126	1984	1
RB1	2126	1965	1
RB1	2126	1964	3
RB1	2126	1963	2
RB1	2126	1962	1
RB1	2126	1961	1
RB1	2126	1960	1
RB1	2126	1959	1
RB1	2126	1958	2
HRAS	2114	2020	3
HRAS	2114	2019	19811
HRAS	2114	2018	30180
HRAS	2114	2017	29996
HRAS	2114	2016	28025
HRAS	2114	2015	25647
HRAS	2114	2014	22421
HRAS	2114	2013	17845
HRAS	2114	2012	16673
HRAS	2114	2011	15115
HRAS	2114	2010	13497
HRAS	2114	2009	12099
HRAS	2114	2008	10919
HRAS	2114	2007	9990
HRAS	2114	2006	8913
HRAS	2114	2005	8197
HRAS	2114	2004	6432
HRAS	2114	2003	4690
HRAS	2114	2002	3288
HRAS	2114	2001	2237
HRAS	2114	2000	1505
HRAS	2114	1999	834
HRAS	2114	1998	682
HRAS	2114	1997	346
HRAS	2114	1996	304
HRAS	2114	1995	197
HRAS	2114	1994	166
HRAS	2114	1993	181
HRAS	2114	1992	163
HRAS	2114	1991	196
HRAS	2114	1990	125
HRAS	2114	1989	60
HRAS	2114	1988	11
HRAS	2114	1987	10
HRAS	2114	1986	3
HRAS	2114	1984	1
HRAS	2114	1965	1
HRAS	2114	1964	3
HRAS	2114	1963	2
HRAS	2114	1962	1
HRAS	2114	1961	1
HRAS	2114	1960	1
HRAS	2114	1959	1
HRAS	2114	1958	2
PTPRD	2055	2020	3
PTPRD	2055	2019	19811
PTPRD	2055	2018	30180
PTPRD	2055	2017	29996
PTPRD	2055	2016	28025
PTPRD	2055	2015	25647
PTPRD	2055	2014	22421
PTPRD	2055	2013	17845
PTPRD	2055	2012	16673
PTPRD	2055	2011	15115
PTPRD	2055	2010	13497
PTPRD	2055	2009	12099
PTPRD	2055	2008	10919
PTPRD	2055	2007	9990
PTPRD	2055	2006	8913
PTPRD	2055	2005	8197
PTPRD	2055	2004	6432
PTPRD	2055	2003	4690
PTPRD	2055	2002	3288
PTPRD	2055	2001	2237
PTPRD	2055	2000	1505
PTPRD	2055	1999	834
PTPRD	2055	1998	682
PTPRD	2055	1997	346
PTPRD	2055	1996	304
PTPRD	2055	1995	197
PTPRD	2055	1994	166
PTPRD	2055	1993	181
PTPRD	2055	1992	163
PTPRD	2055	1991	196
PTPRD	2055	1990	125
PTPRD	2055	1989	60
PTPRD	2055	1988	11
PTPRD	2055	1987	10
PTPRD	2055	1986	3
PTPRD	2055	1984	1
PTPRD	2055	1965	1
PTPRD	2055	1964	3
PTPRD	2055	1963	2
PTPRD	2055	1962	1
PTPRD	2055	1961	1
PTPRD	2055	1960	1
PTPRD	2055	1959	1
PTPRD	2055	1958	2
CEBPA	2024	2020	3
CEBPA	2024	2019	19811
CEBPA	2024	2018	30180
CEBPA	2024	2017	29996
CEBPA	2024	2016	28025
CEBPA	2024	2015	25647
CEBPA	2024	2014	22421
CEBPA	2024	2013	17845
CEBPA	2024	2012	16673
CEBPA	2024	2011	15115
CEBPA	2024	2010	13497
CEBPA	2024	2009	12099
CEBPA	2024	2008	10919
CEBPA	2024	2007	9990
CEBPA	2024	2006	8913
CEBPA	2024	2005	8197
CEBPA	2024	2004	6432
CEBPA	2024	2003	4690
CEBPA	2024	2002	3288
CEBPA	2024	2001	2237
CEBPA	2024	2000	1505
CEBPA	2024	1999	834
CEBPA	2024	1998	682
CEBPA	2024	1997	346
CEBPA	2024	1996	304
CEBPA	2024	1995	197
CEBPA	2024	1994	166
CEBPA	2024	1993	181
CEBPA	2024	1992	163
CEBPA	2024	1991	196
CEBPA	2024	1990	125
CEBPA	2024	1989	60
CEBPA	2024	1988	11
CEBPA	2024	1987	10
CEBPA	2024	1986	3
CEBPA	2024	1984	1
CEBPA	2024	1965	1
CEBPA	2024	1964	3
CEBPA	2024	1963	2
CEBPA	2024	1962	1
CEBPA	2024	1961	1
CEBPA	2024	1960	1
CEBPA	2024	1959	1
CEBPA	2024	1958	2
